0101110000000000000000000000000000000000000000000000000000000000000000000000000000000010000000000000000000000000000000000000000000000000000000000000000000000000000000000000
1011110000000000000000000000000000000000000000000000000000000000000000000000000000000001000000000000000000000000000000000000000000000000000000000000000000000000000000000000
0101000000000000000000000000000000000000000000000000000000000000000000000000000000000000100000000000000000000000000000000000000000000000000000000000000000000000000000000000
1110110000000000000000000000000000000000000000000000000010000000000001001000000000000000010000000000000000000000000000000000000000000000000000000000000000000000000000000000
1101010000000000000000000000000000000000000000000000000000000000000000000000000000000000001000000000000000000000000000000000000000000000000000000000000000000000000000000000
1101100000000000000000000000000000000000000000000000000000000000000000000000000000000000000100000000000000000000000000000000000000000000000000000000000000000000000000000000
0000000111000000000000000000000000000000000000000000000000000000000000000000000100000000000010000000000000000000000000000000000000000000000000000000000000000000000000000000
0000001011000000000000000000000000000000000000000000000000000000000000000000000100000000000001000000000000000000000000000000000000000000000000000000000000000000000000000000
0000001101000000000000000000000000000000000000000000000000000000000000000000000100000000000000100000000000000000000000000000000000000000000000000000000000000000000000000000
0000001110000000000000000000000000000000000000000000000000000000000000000000000100000000000000010000000000000000000000000000000000000000000000000000000000000000000000000000
0000000000000000000000000000000000000000000000000000000000000000000000000000000000000000000000001000000000000000000000000000000000000000000000000000000000000000000000000000
0000000000000000000000000000000000000000000000000000000000000000000000000000000100000000000000000100000000000000000000000000000000000000000000000000000000000000000000000000
0000000000000000000100000000000000000000000000000000000000000000000000000000000000000000000000000010000000000000000000000000000000000000000000000000000000000000000000000000
0000000000000011101100000000000000000000000000000001000110000000010001101100100000100000000000000001000000000000000000000000000000000000000000000000000000000000000000000000
0000000000000101101100000000000000000000000000000000000110000000000000001000100000000000000000000000100000000000000000000000000000000000000000000000000000000000000000000000
0000000000000110111100000000000000000000000000000001000110000000000100000100110000100000000000000000010000000000000000000000000000000000000000000000000000000000000000000000
0000000000000111000000000000000000000000000000000000000100000000000000000000100000000000000000000000001000000000000000000000000000000000000000000000000000000000000000000000
0000000000000001001100000000000000000000000000000000000000000000000000000000000000000000000000000000000100000000000000000000000000000000000000000000000000000000000000000000
0000000000000111010100000000000000000000000000000000000000000000000000000000000000000000000000000000000010000000000000000000000000000000000000000000000000000000000000000000
0000000000001111011000000000000000000000000000000000000000000000000000000000000000000000000000000000000001000000000000000000000000000000000000000000000000000000000000000000
0000000000000000000001000000000000000000000000000000100000000000000000000100010000000000000000000000000000100000000000000000000000000000000000000000000000000000000000000000
0000000000000000000010000000000000000000000000000000100000000000000000000000000000000000000000000000000000010000000000000000000000000000000000000000000000000000000000000000
0000000000000000000000010111110000000000010000000000000000000000000000000000000000000000000000000000000000001000000000000000000000000000000000000000000000000000000000000000
0000000000000000000000100111100000000000000000000000000000000000000000000000000000000000000000000000000000000100000000000000000000000000000000000000000000000000000000000000
0000000000000000000000000000000000000000000000000000000000000000000000000000000000000000000000000000000000000010000000000000000000000000000000000000000000000000000000000000
0000000000000000000000110011100000000000000000000000000000000000000000000000000000000000000000000000000000000001000000000000000000000000000000000000000000000000000000000000
0000000000000000000000110101110000000000000000000000000000000000000000000000000000000000000000000000000000000000100000000000000000000000000000000000000000000000000000000000
0000000000000000000000110110100000000000000000000000000000000000000000000000000000000000000000000000000000000000010000000000000000000000000000000000000000000000000000000000
0000000000000000000000110111000000000000000000000000000000000000000000000000000000000000000000000000000000000000001000000000000000000000000000000000000000000000000000000000
0000000000000000000000100010000000000000000000000000000000000000000000000000000000000000000000000000000000000000000100000000000000000000000000000000000000000000000000000000
0000000000000000000000000000000000000000000000000000000000000000000000000000000000000000000000000000000000000000000010000000000000000000000000000000000000000000000000000000
0000000000000000000000000000000011100000110001001100000000000011000001100000000000000000000000000000000000000000000001000000000000000000000000000000000000000000000000000000
0000000000000000000000000000000101100010110000000000000000000000000000000000000000000000000000000000000000000000000000100000000000000000000000000000000000000000000000000000
0000000000000000000000000000000110101010110101000100000000000000000000000000000010000000000000000000000000000000000000010000000000000000000000000000000000000000000000000000
0000000000000000000000000000000111011110110101000100000000000011000000000100000010000000000000000000000000000000000000001000000000000000000000000000000000000000000000000000
0000000000000000000000000000000000100000010000000000000000000000000000000000000000000000000000000000000000000000000000000100000000000000000000000000000000000000000000000000
0000000000000000000000000000000001100110110101111101000000000011000000000000100010000000000000000000000000000000000000000010000000000000000000000000000000000000000000000000
0000000000000000000000000000000000101010010000000100000000000000000000000000000010000000000000000000000000000000000000000001000000000000000000000000000000000000000000000000
0000000000000000000000000000000011101100111101000100000000000000000000000000000010000000000000000000000000000000000000000000100000000000000000000000000000000000000000000000
0000000000000000000000000000000000000000000000000000000000000000000000000000000000000000000000000000000000000000000000000000010000000000000000000000000000000000000000000000
0000000000000000000000000000000111101010011101101101000100000011010101000100110000000000000000000000000000000000000000000000001000000000000000000000000000000000000000000000
0000000000000000000000100000000111111110101111101101000000001011010101100110110010010000000000000000000000000000000000000000000100000000000000000000000000000000000000000000
0000000000000000000000000000000000000010110101101100000000000000000000000000000010000000000000000000000000000000000000000000000010000000000000000000000000000000000000000000
0000000000000000000000000000000001101010111011111100000000000000000000000000000000000000000000000000000000000000000000000000000001000000000000000000000000000000000000000000
0000000000000000000000000000000000000000010101101000000000000000000000000000000000000000000000000000000000000000000000000000000000100000000000000000000000000000000000000000
0000000000000000000000000000000101101010111110111101000000000011000000000100000010000000000000000000000000000000000000000000000000010000000000000000000000000000000000000000
0000000000000000000000000000000000001000111111011100000000000000000000000000000000000000000000000000000000000000000000000000000000001000000000000000000000000000000000000000
0000000000000000000000000000000000001000000101101100000000000000000000000000000000000000000000000000000000000000000000000000000000000100000000000000000000000000000000000000
0000000000000000000000000000000100001000111111110100000000000000000000000000000000000000000000000000000000000000000000000000000000000010000000000000000000000000000000000000
0000000000000000000000000000000101101110111101111000000000000000000000000000000010000000000000000000000000000000000000000000000000000001000000000000000000000000000000000000
0000000000000000000000000000000000000000000000000000000000000000000000000000000001000000000000000000000000000000000000000000000000000000100000000000000000000000000000000000
0000000000000101000000000000000000001000110001000000100110001001011101100101100000110000000000000000000000000000000000000000000000000000010000000000000000000000000000000000
0000000000000000000011000000000000000000000000000001000110001000010100100101100000100000000000000000000000000000000000000000000000000000001000000000000000000000000000000000
0000000000000000000000000000000000000000000000000000000000000000000000000000000000000000000000000000000000000000000000000000000000000000000100000000000000000000000000000000
0000000000000000000000000000000000000000000000000000000000000000100000000000000000000000000000000000000000000000000000000000000000000000000010000000000000000000000000000000
0000000000000111100000000000000000000000100000000001100010001000011111111111110000100000000000000000000000000000000000000000000000000000000001000000000000000000000000000000
0001000000000111000000000000000000000000000000000001100100001000011111111111110000100000000000000000000000000000000000000000000000000000000000100000000000000000000000000000
0000000000000000000000000000000000000000000000000000000000000000000000000000000000000000000000000000000000000000000000000000000000000000000000010000000000000000000000000000
0000000000000000000000000000000000000000000000000000000000000000000000000000000000000000000000000000000000000000000000000000000000000000000000001000000000000000000000000000
0000000000000000000000000000000000000000000000000000000000000000000000000000000000000000000000000000000000000000000000000000000000000000000000000100000000000000000000000000
0000000000000000000000000000000000000000010000000001100110000000011101110101110000100000000000000000000000000000000000000000000000000000000000000010000000000000000000000000
0000000000000000000000000000000000000000000000000000000000000000000000000000000000000000000000000000000000000000000000000000000000000000000000000001000000000000000000000000
0000000000000000000000000000000100101000110001000000000000000001000000000000000000000000000000000000000000000000000000000000000000000000000000000000100000000000000000000000
0000000000000000000000000000000100101000110001000001000000000010000000100010100000000000000000000000000000000000000000000000000000000000000000000000010000000000000000000000
0000000000000000000000000000000000000000000000000000001000000000000000000000000000000000000000000000000000000000000000000000000000000000000000000000001000000000000000000000
0000000000000100000000000000000000000000110000000001100110001000001110101101100000110000000000000000000000000000000000000000000000000000000000000000000100000000000000000000
0000000000000000000000000000000000000000000000000001000110001000010110101101110000100000000000000000000000000000000000000000000000000000000000000000000010000000000000000000
0000000000000001000000000000000000000000110000000001100110001000011011101110110000110000000000000000000000000000000000000000000000000000000000000000000001000000000000000000
0000000000000000000000000000000000000000000000000000000110000000011100100000100000010000000000000000000000000000000000000000000000000000000000000000000000100000000000000000
0001000000000100000000000000000100000000110000000001000110001000000100101110110000100000000000000000000000000000000000000000000000000000000000000000000000010000000000000000
0000000000000100000000000000000100000000010000000001100110001001011111001111110000110000000000000000000000000000000000000000000000000000000000000000000000001000000000000000
0000000000000000000000000000000000000000000000000000000110001000000000000101110000100000000000000000000000000000000000000000000000000000000000000000000000000100000000000000
0001000000000110000000000000000000000000000000000000000110000000011101100110110000110000000000000000000000000000000000000000000000000000000000000000000000000010000000000000
0000000000000101000010000000000000100000110001000001100110001000011101111011110000110000000000000000000000000000000000000000000000000000000000000000000000000001000000000000
0000000000000000000000000000000000000000010000000000000110000001000101101100100000100000000000000000000000000000000000000000000000000000000000000000000000000000100000000000
0000000000000000000000000000000000000000000000000001100110001000011000110100110000000000000000000000000000000000000000000000000000000000000000000000000000000000010000000000
0000000000000111100000000000000000001000110000000001100110001001011111111111010000110000000000000000000000000000000000000000000000000000000000000000000000000000001000000000
0000000000000001000010000000000000000000110000000000000110001000001101111101100000110000000000000000000000000000000000000000000000000000000000000000000000000000000100000000
0000000000000000000000000000000000000000000000000000000000000000000000000000000000000000000000000000000000000000000000000000000000000000000000000000000000000000000010000000
0000001111010000000000000000000000000000000000000000000000000000000000000000000000000000000000000000000000000000000000000000000000000000000000000000000000000000000001000000
0000000000000000000000000000000001101110011001000100000000000000000000000000000000000000000000000000000000000000000000000000000000000000000000000000000000000000000000100000
0000000000000000000000000000000000000000000000000010000000000000000000000000000000000000000000000000000000000000000000000000000000000000000000000000000000000000000000010000
0000000000000101000000000000000000000000000000000001100110001000011101111110110000000000000000000000000000000000000000000000000000000000000000000000000000000000000000001000
0000000000000000000000000000000000000000010000000001000000000000010110101100110000000000000000000000000000000000000000000000000000000000000000000000000000000000000000000100
0000000000000000000000000000000000000000000000000000000000000000000000000000000000000000000000000000000000000000000000000000000000000000000000000000000000000000000000000010
0000000000000000000000000000000000000000000000000000000000000000000000000000000000000000000000000000000000000000000000000000000000000000000000000000000000000000000000000001
1000000000000000000000000000000000000000000000000000000000000000000000000000000000000000000000000000000000000000000000000000000000000000000000000000000000000000000000000000
0100000000000000000000000000000000000000000000000000000000000000000000000000000000000000111000000000000000000000000000000000000000000000000000000000000000000000000000000100
0010000000000000000000000000000000000000000000000000000000000000000000000000000000000001000000000000000000000000000000000000000000000000000000000000000000000000000000000000
0001000000000000000000000000000000000000000000000000000000000000000000000000000000000001001100000000000000000000000000000000000000000000000000000000000001001000000000000100
0000100000000000000000000000000000000000000000000000000000000000000000000000000000000001010100000000000000000000000000000000000000000000000000000000000000000000000000000000
0000010000000000000000000000000000000000000000000000000000000000000000000000000000000000011000000000000000000000000000000000000000000000000000000000000000000000000000000000
0000001000000000000000000000000000000000000000000000000000000000000000000000000000000000000000000000000000000000000000000000000000000000000000000000000000000000000000000000
0000000100000000000000000000000000000000000000000000000000000000000000000000000000000000000000100000000000000000000000000000000000000000000000000000000000000000000000000000
0000000010000000000000000000000000000000000000000000000000000000000000000000000000000000000001010000000000000000000000000000000000000000000000000000000000000000000000000000
0000000001000000000000000000000000000000000000000000000000000000000000000000000000000000000000100000000000000000000000000000000000000000000000000000000000000000000000000000
0000000000100000000000000000000000000000000000000000000000000000000000000000000000000000000000000000000000000000000000000000000000000000000000000000000000000000000000000000
0000000000010000000000000000000000000000000000000000000000000000000000000000000000000000000000000000000000000000000000000000000000000000000000000000000000000000000000000000
0000000000001000000000000000000000000000000000000000000000000000000000000000000000000000000000000000000000000000000000000000000000000000000000000000000000000000000000000000
0000000000000100000000000000000000000000000000000000000000000000000000000000000000000000000000000000000000000000000000000000000000000000000000000000000000000000000000000000
0000000000000010000000000000000000000000000000000000000000000000000000000000000000000000000000000000001010000000000000000000000000000000000000100000000000000010000000000000
0000000000000001000000000000000000000000000000000000000000000000000000000000000000000000000000000000001000000000000000000000000000000000000000000000000000010000100000000100
0000000000000000100000000000000000000000000000000000000000000000000000000000000000000000000000000000110000000000000000000000000000000000000000000000000000000000000000000000
0000000000000000010000000000000000000000000000000000000000000000000000000000000000000000000000000000000000000000000000000000000000000000000000000000000000000000000000000000
0000000000000000001000000000000000000000000000000000000000000000000000000000000000000000000000000000100001000000000000000000000000000000000000000000000000000000000000000000
0000000000000000000100000000000000000000000000000000000000000000000000000000000000000000000000000000000010000000000000000000000000000000000000000000000000000000000000000000
0000000000000000000010000000000000000000000000000000000000000000000000000000000000000000000000000000000000010000000000000000000000000000000000000000000000000000000000000000
0000000000000000000001000000000000000000000000000000000000000000000000000000000000000000000000000000000000100000000000000000000000000000000000000000000000000000000000000000
0000000000000000000000100000000000000000000000000000000000000000000000000000000000000000000000000000000000000110001000000000000000000000000000000000000000000000000000000000
0000000000000000000000010000000000000000000000000000000000000000000000000000000000000000000000000000000000001011111000000000000000000000000000000000000000000000000000000000
0000000000000000000000001000000000000000000000000000000000000000000000000000000000000000000000000000000000001101111000000000000000000000000000000000000000000000000000000000
0000000000000000000000000100000000000000000000000000000000000000000000000000000000000000000000000000000000000110111000000000000000000000000000000000000000000000000000000000
0000000000000000000000000010000000000000000000000000000000000000000000000000000000000000000000000000000000000111011000000000000000000000000000000000000000000000000000000000
0000000000000000000000000001000000000000000000000000000000000000000000000000000000000000000000000000000000000111101000000000000000000000000000000000000000000000000000000000
0000000000000000000000000000100000000000000000000000000000000000000000000000000000000000000000000000000000001111110000000000000000000000000000000000000000000000000000000000
0000000000000000000000000000010000000000000000000000000000000000000000000000000000000000000000000000000000000000000000000000000000000010000000000000000000000000000000000000
0000000000000000000000000000001000000000000000000000000000000000000000000000000000000000000000000000000000000000000001111111111100000010000000000000000000000000000000100000
0000000000000000000000000000000100000000000000000000000000000000000000000000000000000000000000000000000000000000000010111111111100000000000000000000000000000000000000100000
0000000000000000000000000000000010000000000000000000000000000000000000000000000000000000000000000000000000000000000011011110111100000000000000000000000000000000000000100000
0000000000000000000000000000000001000000000000000000000000000000000000000000000000000000000000000000000000000000000011101111111100000000000000000000000000000000000000100000
0000000000000000000000000000000000100000000000000000000000000000000000000000000000000000000000000000000000000000000011110111111100000000000000000000000000000000000000100000
0000000000000000000000000000000000010000000000000000000000000000000000000000000000000000000000000000000000000000000011111010111100000000000000000000000000000000000000100000
0000000000000000000000000000000000001000000000000000000000000000000000000000000000000000000000000000000000000000000011111100111100000000000000000000000000000000000000100000
0000000000000000000000000000000000000100000000000000000000000000000000000000000000000000000000000000000000000000000011011000111100000000000000000000000000000000000000100000
0000000000000000000000000000000000000010000000000000000000000000000000000000000000000000000000000000000000000000000011111111011100000000000000000000000000000000000000100000
0000000000000000000000000000000000000001000000000000000000000000000000000000000000000000000000000000000000000000000011111111101100000000000000000000000000000000000000100000
0000000000000000000000000000000000000000100000000000000000000000000000000000000000000000000000000000000000000000000011111111110100000000000000000000000000000000000000100000
0000000000000000000000000000000000000000010000000000000000000000000000000000000000000000000000000000000000000000000011111111111000000000000000000000000000000000000000100000
0000000000000000000000000000000000000000001000000000000000000000000000000000000000000000000000000000000000000000000000000000000001010011000000000000000000000000000000000000
0000000000000000000000000000000000000000000100000000000000000000000000000000000000000000000000000000000000000000000000000000000010110000000000000000000000000000000000000000
0000000000000000000000000000000000000000000010000000000000000000000000000000000000000000000000000000000000000000000000000000000001010000000000000000000000000000000000000000
0000000000000000000000000000000000000000000001000000000000000000000000000000000000000000000000000000000000000000000000000000000011100001000000000000000000000000000000000000
0000000000000000000000000000000000000000000000100000000000000000000000000000000000000000000000000000000000000000000000000000000000000000000000000000000000000000000000000000
0000000000000000000000000000000000000000000000010000000000000000000000000000000000000000000000000000000000000000000000000000000000000010000000000000000000000000000000000000
0000000000000000000000000000000000000000000000001000000000000000000000000000000000000000000000000000000000000000000110000000000010000101000000000000000000000000000000000000
0000000000000000000000000000000000000000000000000100000000000000000000000000000000000000000000000000000000000000000000000000000010010010000000000000000000000000000000000000
0000000000000000000000000000000000000000000000000010000000000000000000000000000000000000000000000000000000000000000000000000000000000000000000000000000000000000000000000000
0000000000000000000000000000000000000000000000000001000000000000000000000000000000000000000000000000000000000000000000000000000000000000000000000000000000000000000000000000
0000000000000000000000000000000000000000000000000000100000000000000000000000000000000000000000000000000000000000000000000000000000000000000000000000000000000000000000000000
0000000000000000000000000000000000000000000000000000010000000000000000000000000000000000000000000000000000000000000000000000000000000000000000000000000000000000000000000000
0000000000000000000000000000000000000000000000000000001000000000000000000000000000000000000000000000000000000000000000000000000000000000000000000000000000000000000000001000
0000000000000000000000000000000000000000000000000000000100000000000000000000000000000000000000000000000000000000000000000000000000000000000000100010000000000001000000001100
0000000000000000000000000000000000000000000000000000000010000000000000000000000000000000000000000000100000000000000000000000000000000000000001000010000000000001000000001100
0000000000000000000000000000000000000000000000000000000001000000000000000000000000000000000000000000000000000000000000000000000000000000000000000111000000000000000000000000
0000000000000000000000000000000000000000000000000000000000100000000000000000000000000000000000000000000000000000000000000000000000000000000000000100000000000000000000000000
0000000000000000000000000000000000000000000000000000000000010000000000000000000000000000000000000000000000000000000000000000000000000000000000011011000000000000011100000100
0000000000000000000000000000000000000000000000000000000000001000000000000000000000000000000000000000000000000000000000000000000000000000000001110101000000101001111100001100
0000000000000000000000000000000000000000000000000000000000000100000000000000000000000000000000000000000000000000000000000000000000000000000000010110000000100000101100000000
0000000000000000000000000000000000000000000000000000000000000010000000000000000000000000000000000000000000000000000000000000000000000000000000000000011000000000000000000000
0000000000000000000000000000000000000000000000000000000000000001000000000000000000000000000000000000000000000000000000000000000000000000000000000000101000000000000000000000
0000000000000000000000000000000000000000000000000000000000000000100000000000000000000000000000000000000000000000000000000000000000000000000000000000110000000000011000000000
0000000000000000000000000000000000000000000000000000000000000000010000000000000000000000000000000000000000000000000000000000000000000000000000000000000000000000000000000000
0000000000000000000000000000000000000000000000000000000000000000001000000000000000000000000000000000000000000000000000000000000000000000000000000000000001111001101100000100
0000000000000000000000000000000000000000000000000000000000000000000100000000000000000000010000000000000000000000000000000000000000000000000000000000000010111001001000000100
0000000000000000000000000000000000000000000000000000000000000000000010000000000000000000000000000000000000000000000000000000000000000000000000000011000011001001000000000100
0000000000000000000000000000000000000000000000000000000000000000000001000000000000000000000000000000010000000000000000000000000000000000000000000000000011001001101000001100
0000000000000000000000000000000000000000000000000000000000000000000000100000000000000000010000000000000000000000000000000000000000000000000000000010000011110001111100000100
0000000000000000000000000000000000000000000000000000000000000000000000010000000000000000000000000000000000000000000000000000000000000000000000000000000000000000000000000100
0000000000000000000000000000000000000000000000000000000000000000000000001000000000000000000000000000100000000000000000000000000000000000000000000000000000000000101100001100
0000000000000000000000000000000000000000000000000000000000000000000000000100000000000000000000000000000000000000000000000000000000000000000001100010000011111000111100001100
0000000000000000000000000000000000000000000000000000000000000000000000000010000000000000000000000000010000000000000000000000000000000000000000000011000010011011011100000100
0000000000000000000000000000000000000000000000000000000000000000000000000001000000000000000000000000000000000000000000000000000000000000000000000110001000001001101100001100
0000000000000000000000000000000000000000000000000000000000000000000000000000100000000000000000000000000000000000000000000000000000000000000000000111001011011011110100001100
0000000000000000000000000000000000000000000000000000000000000000000000000000010000000000000000000000000000000000000000000000000000000000000000000111000010001011111000001100
0000000000000000000000000000000000000000000000000000000000000000000000000000001000000000000000000000000000000000000000000000000000000000000000000000000000000000000001000000
0000000000000000000000000000000000000000000000000000000000000000000000000000000100000000000000000000000000000000000000000000000000000000000000000000000000000000000010000000
0000000000000000000000000000000000000000000000000000000000000000000000000000000010000000000000000000000000000000000011111111111100000000000000000000000000000000000000000000
0000000000000000000000000000000000000000000000000000000000000000000000000000000001000000000000000000000000000000000000000000000000000000000000000000000000000000000000000000
0000000000000000000000000000000000000000000000000000000000000000000000000000000000100000000000000000000000000000000000000000000000000000000011100010000000010011011100000100
0000000000000000000000000000000000000000000000000000000000000000000000000000000000010001010000000000010000000000000000000000000000000000000001100110000011111111111100001000
0000000000000000000000000000000000000000000000000000000000000000000000000000000000001000000000000000000000000000000000000000000000000000000000000000000000000000000000000000
0000000000000000000000000000000000000000000000000000000000000000000000000000000000000100000000000000000000000000000000000000000000000000000000000000000000000000000000000000
