01011100000000000000000000000000000000000000000000000000000000000000000000000000000000
10111100000000000000000000000000000000000000000000000000000000000000000000000000000000
01010000000000000000000000000000000000000000000000000000000000000000000000000000000000
11101100000000000000000000000000000000000000000000000000100000000000010010000000000000
11010100000000000000000000000000000000000000000000000000000000000000000000000000000000
11011000000000000000000000000000000000000000000000000000000000000000000000000000000000
00000001110000000000000000000000000000000000000000000000000000000000000000000001000000
00000010110000000000000000000000000000000000000000000000000000000000000000000001000000
00000011010000000000000000000000000000000000000000000000000000000000000000000001000000
00000011100000000000000000000000000000000000000000000000000000000000000000000001000000
00000000000000000000000000000000000000000000000000000000000000000000000000000000000000
00000000000000000000000000000000000000000000000000000000000000000000000000000001000000
00000000000000000001000000000000000000000000000000000000000000000000000000000000000000
00000000000000111011000000000000000000000000000000010001100000000100011011001000001000
00000000000001011011000000000000000000000000000000000001100000000000000010001000000000
00000000000001101111000000000000000000000000000000010001100000000001000001001100001000
00000000000001110000000000000000000000000000000000000001000000000000000000001000000000
00000000000000010011000000000000000000000000000000000000000000000000000000000000000000
00000000000001110101000000000000000000000000000000000000000000000000000000000000000000
00000000000011110110000000000000000000000000000000000000000000000000000000000000000000
00000000000000000000010000000000000000000000000000001000000000000000000001000100000000
00000000000000000000100000000000000000000000000000001000000000000000000000000000000000
00000000000000000000000101111100000000000100000000000000000000000000000000000000000000
00000000000000000000001001111000000000000000000000000000000000000000000000000000000000
00000000000000000000000000000000000000000000000000000000000000000000000000000000000000
00000000000000000000001100111000000000000000000000000000000000000000000000000000000000
00000000000000000000001101011100000000000000000000000000000000000000000000000000000000
00000000000000000000001101101000000000000000000000000000000000000000000000000000000000
00000000000000000000001101110000000000000000000000000000000000000000000000000000000000
00000000000000000000001000100000000000000000000000000000000000000000000000000000000000
00000000000000000000000000000000000000000000000000000000000000000000000000000000000000
00000000000000000000000000000000111000001100010011000000000000110000011000000000000000
00000000000000000000000000000001011000101100000000000000000000000000000000000000000000
00000000000000000000000000000001101010101101010001000000000000000000000000000000100000
00000000000000000000000000000001110111101101010001000000000000110000000001000000100000
00000000000000000000000000000000001000000100000000000000000000000000000000000000000000
00000000000000000000000000000000011001101101011111010000000000110000000000001000100000
00000000000000000000000000000000001010100100000001000000000000000000000000000000100000
00000000000000000000000000000000111011001111010001000000000000000000000000000000100000
00000000000000000000000000000000000000000000000000000000000000000000000000000000000000
00000000000000000000000000000001111010100111011011010001000000110101010001001100000000
00000000000000000000001000000001111111101011111011010000000010110101011001101100100100
00000000000000000000000000000000000000101101011011000000000000000000000000000000100000
00000000000000000000000000000000011010101110111111000000000000000000000000000000000000
00000000000000000000000000000000000000000101011010000000000000000000000000000000000000
00000000000000000000000000000001011010101111101111010000000000110000000001000000100000
00000000000000000000000000000000000010001111110111000000000000000000000000000000000000
00000000000000000000000000000000000010000001011011000000000000000000000000000000000000
00000000000000000000000000000001000010001111111101000000000000000000000000000000000000
00000000000000000000000000000001011011101111011110000000000000000000000000000000100000
00000000000000000000000000000000000000000000000000000000000000000000000000000000010000
00000000000001010000000000000000000010001100010000001001100010010111011001011000001100
00000000000000000000110000000000000000000000000000010001100010000101001001011000001000
00000000000000000000000000000000000000000000000000000000000000000000000000000000000000
00000000000000000000000000000000000000000000000000000000000000001000000000000000000000
00000000000001111000000000000000000000001000000000011000100010000111111111111100001000
00010000000001110000000000000000000000000000000000011001000010000111111111111100001000
00000000000000000000000000000000000000000000000000000000000000000000000000000000000000
00000000000000000000000000000000000000000000000000000000000000000000000000000000000000
00000000000000000000000000000000000000000000000000000000000000000000000000000000000000
00000000000000000000000000000000000000000100000000011001100000000111011101011100001000
00000000000000000000000000000000000000000000000000000000000000000000000000000000000000
00000000000000000000000000000001001010001100010000000000000000010000000000000000000000
00000000000000000000000000000001001010001100010000010000000000100000001000101000000000
00000000000000000000000000000000000000000000000000000010000000000000000000000000000000
00000000000001000000000000000000000000001100000000011001100010000011101011011000001100
00000000000000000000000000000000000000000000000000010001100010000101101011011100001000
00000000000000010000000000000000000000001100000000011001100010000110111011101100001100
00000000000000000000000000000000000000000000000000000001100000000111001000001000000100
00010000000001000000000000000001000000001100000000010001100010000001001011101100001000
00000000000001000000000000000001000000000100000000011001100010010111110011111100001100
00000000000000000000000000000000000000000000000000000001100010000000000001011100001000
00010000000001100000000000000000000000000000000000000001100000000111011001101100001100
00000000000001010000100000000000001000001100010000011001100010000111011110111100001100
00000000000000000000000000000000000000000100000000000001100000010001011011001000001000
00000000000000000000000000000000000000000000000000011001100010000110001101001100000000
00000000000001111000000000000000000010001100000000011001100010010111111111110100001100
00000000000000010000100000000000000000001100000000000001100010000011011111011000001100
00000000000000000000000000000000000000000000000000000000000000000000000000000000000000
00000011110100000000000000000000000000000000000000000000000000000000000000000000000000
00000000000000000000000000000000011011100110010001000000000000000000000000000000000000
00000000000000000000000000000000000000000000000000100000000000000000000000000000000000
00000000000001010000000000000000000000000000000000011001100010000111011111101100000000
00000000000000000000000000000000000000000100000000010000000000000101101011001100000000
00000000000000000000000000000000000000000000000000000000000000000000000000000000000000
00000000000000000000000000000000000000000000000000000000000000000000000000000000000000
