  resultados de mdend2Qu com arquivo plex_m2_11.dat            
     1   0.150340E+03   0.567319E-01
     2   0.365973E+03   0.171818E+00
     3   0.164924E+02   0.774292E-02
     4   0.105830E+02   0.496855E-02
     5   0.346987E+02   0.162905E-01
     6   0.175784E+02   0.825277E-02
     7   0.146969E+02   0.689997E-02
     8   0.129615E+02   0.608520E-02
     9   0.210656E+03   0.118613E+00
    10   0.787401E+01   0.443356E-02
    11   0.111803E+02   0.629524E-02
    12   0.648074E+01   0.364907E-02
    13   0.707107E+01   0.398146E-02
    14   0.123693E+02   0.696471E-02
    15   0.894427E+01   0.503619E-02
    16   0.600000E+01   0.337838E-02
    17   0.812404E+01   0.457435E-02
    18   0.114891E+02   0.646910E-02
    19   0.374166E+01   0.210679E-02
    20   0.900000E+01   0.506757E-02
    21   0.141067E+02   0.794298E-02
    22   0.648074E+01   0.364907E-02
    23   0.137477E+02   0.774084E-02
    24   0.109545E+02   0.616805E-02
    25   0.109545E+02   0.616805E-02
    26   0.529150E+01   0.297945E-02
    27   0.374166E+01   0.210679E-02
    28   0.591608E+01   0.333113E-02
    29   0.916515E+01   0.516056E-02
    30   0.175499E+02   0.988172E-02
    31   0.911043E+01   0.512975E-02
    32   0.111803E+02   0.629524E-02
    33   0.150997E+02   0.850207E-02
    34   0.203961E+02   0.114843E-01
    35   0.158745E+02   0.893835E-02
    36   0.313847E+02   0.176716E-01
    37   0.149666E+02   0.842716E-02
    38   0.361248E+02   0.203405E-01
    39   0.104967E+03   0.591028E-01
    40   0.353270E+02   0.198914E-01
    41   0.162886E+03   0.917154E-01
    42   0.590769E+03   0.637979E+00
    43   0.507346E+02   0.568137E-01
    44   0.507937E+02   0.589938E-01
    45   0.969536E+01   0.112606E-01
    46   0.761577E+01   0.884527E-02
    47   0.489898E+01   0.568987E-02
    48   0.111355E+02   0.129333E-01
    49   0.692820E+02   0.864944E-01
    50   0.400000E+01   0.499376E-02
    51   0.788923E+02   0.104493E+00
    52   0.707107E+01   0.936565E-02
    53   0.106301E+02   0.140797E-01
    54   0.360555E+01   0.477556E-02
    55   0.509902E+01   0.675367E-02
    56   0.692820E+01   0.917643E-02
    57   0.105357E+02   0.139545E-01
    58   0.211424E+02   0.280031E-01
    59   0.898443E+02   0.128533E+00
    60   0.374166E+01   0.535287E-02
    61   0.425911E+02   0.633796E-01
    62   0.489898E+01   0.729015E-02
    63   0.360555E+01   0.536540E-02
    64   0.469042E+01   0.697979E-02
    65   0.112250E+02   0.167038E-01
    66   0.427551E+02   0.661844E-01
    67   0.400000E+01   0.619195E-02
    68   0.346410E+01   0.536239E-02
    69   0.400000E+01   0.619195E-02
    70   0.282843E+01   0.437837E-02
    71   0.583095E+01   0.902624E-02
    72   0.632456E+01   0.979033E-02
    73   0.404722E+02   0.651726E-01
    74   0.781025E+01   0.125769E-01
    75   0.346410E+01   0.557826E-02
    76   0.346410E+01   0.557826E-02
    77   0.346410E+01   0.557826E-02
    78   0.424264E+01   0.683195E-02
    79   0.364966E+02   0.611333E-01
    80   0.331662E+01   0.555549E-02
    81   0.331662E+01   0.555549E-02
    82   0.387298E+01   0.648741E-02
    83   0.173205E+01   0.290126E-02
    84   0.126886E+02   0.212539E-01
    85   0.424264E+02   0.737851E-01
    86   0.200000E+01   0.347826E-02
    87   0.489898E+01   0.851996E-02
    88   0.346410E+01   0.602452E-02
    89   0.331662E+01   0.576804E-02
    90   0.916515E+01   0.159394E-01
    91   0.781025E+01   0.135830E-01
    92   0.402741E+02   0.729603E-01
    93   0.264575E+01   0.479303E-02
    94   0.153623E+02   0.281361E-01
    95   0.264575E+01   0.484570E-02
    96   0.223607E+01   0.409536E-02
    97   0.106301E+02   0.194691E-01
    98   0.469042E+01   0.859051E-02
    99   0.407676E+02   0.776526E-01
   100   0.167929E+02   0.322940E-01
   101   0.264575E+01   0.508798E-02
   102   0.787401E+01   0.151423E-01
   103   0.200000E+01   0.384615E-02
   104   0.244949E+01   0.471056E-02
   105   0.424264E+01   0.815892E-02
   106   0.346410E+01   0.666173E-02
   107   0.282843E+01   0.543928E-02
   108   0.346410E+01   0.666173E-02
   109   0.346410E+01   0.666173E-02
   110   0.340000E+02   0.680000E-01
   111   0.264575E+01   0.529150E-02
   112   0.538516E+01   0.107703E-01
   113   0.200000E+01   0.400000E-02
   114   0.200000E+01   0.400000E-02
   115   0.489898E+01   0.979796E-02
   116   0.346410E+01   0.692820E-02
   117   0.424264E+01   0.848528E-02
   118   0.332265E+02   0.695115E-01
   119   0.200000E+01   0.418410E-02
   120   0.165529E+02   0.351443E-01
   121   0.200000E+01   0.424628E-02
   122   0.200000E+01   0.424628E-02
   123   0.200000E+01   0.424628E-02
   124   0.244949E+01   0.520062E-02
   125   0.469042E+01   0.995842E-02
   126   0.565685E+01   0.120103E-01
   127   0.121655E+02   0.258291E-01
   128   0.420714E+02   0.930782E-01
   129   0.200000E+01   0.442478E-02
   130   0.200000E+01   0.442478E-02
   131   0.200000E+01   0.442478E-02
   132   0.244949E+01   0.541923E-02
   133   0.469042E+01   0.103770E-01
   134   0.301993E+02   0.695837E-01
   135   0.200000E+01   0.460829E-02
   136   0.200000E+01   0.460829E-02
   137   0.200000E+01   0.460829E-02
   138   0.244949E+01   0.564399E-02
   139   0.316228E+01   0.728635E-02
   140   0.374166E+01   0.862133E-02
   141   0.400000E+01   0.921659E-02
   142   0.313369E+02   0.758762E-01
   143   0.244949E+01   0.593097E-02
   144   0.264575E+01   0.640618E-02
   145   0.591608E+01   0.143246E-01
   146   0.200000E+01   0.484262E-02
   147   0.200000E+01   0.484262E-02
   148   0.244949E+01   0.593097E-02
   149   0.424264E+01   0.102727E-01
   150   0.173205E+01   0.419383E-02
   151   0.223607E+01   0.541421E-02
   152   0.300000E+01   0.726392E-02
   153   0.932738E+01   0.225845E-01
   154   0.489898E+01   0.118619E-01
   155   0.380263E+02   0.960260E-01
   156   0.200000E+01   0.505051E-02
   157   0.200000E+01   0.505051E-02
   158   0.244949E+01   0.618558E-02
   159   0.424264E+01   0.107137E-01
   160   0.173205E+01   0.437387E-02
   161   0.223607E+01   0.564664E-02
   162   0.959166E+01   0.242214E-01
   163   0.282843E+01   0.714249E-02
   164   0.374166E+01   0.944863E-02
   165   0.367151E+02   0.966187E-01
   166   0.200000E+01   0.526316E-02
   167   0.200000E+01   0.526316E-02
   168   0.200000E+01   0.526316E-02
   169   0.200000E+01   0.526316E-02
   170   0.282843E+01   0.744323E-02
   171   0.244949E+01   0.644603E-02
   172   0.424264E+01   0.111648E-01
   173   0.529150E+01   0.139250E-01
   174   0.314960E+02   0.874890E-01
   175   0.200000E+01   0.555556E-02
   176   0.200000E+01   0.555556E-02
   177   0.200000E+01   0.555556E-02
   178   0.200000E+01   0.555556E-02
   179   0.200000E+01   0.555556E-02
   180   0.282843E+01   0.785674E-02
   181   0.200000E+01   0.555556E-02
   182   0.346410E+01   0.962250E-02
   183   0.346410E+01   0.962250E-02
   184   0.290172E+02   0.850945E-01
   185   0.200000E+01   0.586510E-02
   186   0.200000E+01   0.586510E-02
   187   0.200000E+01   0.586510E-02
   188   0.200000E+01   0.586510E-02
   189   0.244949E+01   0.718325E-02
   190   0.424264E+01   0.124418E-01
   191   0.264575E+01   0.775880E-02
   192   0.105830E+02   0.310352E-01
   193   0.350143E+02   0.107406E+00
   194   0.200000E+01   0.613497E-02
   195   0.200000E+01   0.613497E-02
   196   0.200000E+01   0.613497E-02
   197   0.200000E+01   0.613497E-02
   198   0.200000E+01   0.613497E-02
   199   0.200000E+01   0.613497E-02
   200   0.244949E+01   0.751377E-02
   201   0.200000E+01   0.613497E-02
   202   0.346410E+01   0.106261E-01
   203   0.400000E+01   0.122699E-01
   204   0.284956E+02   0.925182E-01
   205   0.173205E+01   0.562354E-02
   206   0.500000E+01   0.162338E-01
   207   0.144914E+02   0.478263E-01
   208   0.200000E+01   0.660066E-02
   209   0.200000E+01   0.660066E-02
   210   0.200000E+01   0.660066E-02
   211   0.200000E+01   0.660066E-02
   212   0.200000E+01   0.660066E-02
   213   0.244949E+01   0.808412E-02
   214   0.244949E+01   0.808412E-02
   215   0.200000E+01   0.660066E-02
   216   0.447214E+01   0.147595E-01
   217   0.103923E+02   0.342980E-01
   218   0.344674E+02   0.119264E+00
   219   0.200000E+01   0.692042E-02
   220   0.200000E+01   0.692042E-02
   221   0.200000E+01   0.692042E-02
   222   0.244949E+01   0.847574E-02
   223   0.244949E+01   0.847574E-02
   224   0.244949E+01   0.847574E-02
   225   0.346410E+01   0.119865E-01
   226   0.256515E+02   0.929403E-01
   227   0.141421E+01   0.512396E-02
   228   0.173205E+01   0.627555E-02
   229   0.173205E+01   0.627555E-02
   230   0.200000E+01   0.724638E-02
   231   0.173205E+01   0.627555E-02
   232   0.173205E+01   0.627555E-02
   233   0.469042E+01   0.169943E-01
   234   0.200000E+01   0.724638E-02
   235   0.200000E+01   0.724638E-02
   236   0.200000E+01   0.724638E-02
   237   0.200000E+01   0.724638E-02
   238   0.282843E+01   0.102479E-01
   239   0.200000E+01   0.724638E-02
   240   0.400000E+01   0.144928E-01
   241   0.268701E+02   0.103745E+00
   242   0.173205E+01   0.668745E-02
   243   0.141421E+01   0.546028E-02
   244   0.141421E+01   0.546028E-02
   245   0.435890E+01   0.168297E-01
   246   0.200000E+01   0.772201E-02
   247   0.200000E+01   0.772201E-02
   248   0.200000E+01   0.772201E-02
   249   0.200000E+01   0.772201E-02
   250   0.200000E+01   0.772201E-02
   251   0.200000E+01   0.772201E-02
   252   0.244949E+01   0.945749E-02
   253   0.200000E+01   0.772201E-02
   254   0.200000E+01   0.772201E-02
   255   0.200000E+01   0.772201E-02
   256   0.316228E+01   0.122096E-01
   257   0.200000E+01   0.772201E-02
   258   0.374166E+01   0.144466E-01
   259   0.266083E+02   0.109499E+00
   260   0.200000E+01   0.823045E-02
   261   0.200000E+01   0.823045E-02
   262   0.200000E+01   0.823045E-02
   263   0.244949E+01   0.100802E-01
   264   0.200000E+01   0.823045E-02
   265   0.200000E+01   0.823045E-02
   266   0.200000E+01   0.823045E-02
   267   0.200000E+01   0.823045E-02
   268   0.316228E+01   0.130135E-01
   269   0.374166E+01   0.153978E-01
   270   0.258844E+02   0.113528E+00
   271   0.173205E+01   0.759671E-02
   272   0.173205E+01   0.759671E-02
   273   0.173205E+01   0.759671E-02
   274   0.223607E+01   0.980732E-02
   275   0.331662E+01   0.145466E-01
   276   0.173205E+01   0.759671E-02
   277   0.173205E+01   0.759671E-02
   278   0.173205E+01   0.759671E-02
   279   0.374166E+01   0.164108E-01
   280   0.200000E+01   0.877193E-02
   281   0.200000E+01   0.877193E-02
   282   0.200000E+01   0.877193E-02
   283   0.200000E+01   0.877193E-02
   284   0.200000E+01   0.877193E-02
   285   0.244949E+01   0.107434E-01
   286   0.200000E+01   0.877193E-02
   287   0.200000E+01   0.877193E-02
   288   0.200000E+01   0.877193E-02
   289   0.244949E+01   0.107434E-01
   290   0.200000E+01   0.877193E-02
   291   0.232379E+02   0.108588E+00
   292   0.200000E+01   0.934579E-02
   293   0.200000E+01   0.934579E-02
   294   0.200000E+01   0.934579E-02
   295   0.200000E+01   0.934579E-02
   296   0.200000E+01   0.934579E-02
   297   0.200000E+01   0.934579E-02
   298   0.244949E+01   0.114462E-01
   299   0.200000E+01   0.934579E-02
   300   0.244949E+01   0.114462E-01
   301   0.200000E+01   0.934579E-02
   302   0.200000E+01   0.934579E-02
   303   0.316228E+01   0.147770E-01
   304   0.231084E+02   0.114967E+00
   305   0.200000E+01   0.995025E-02
   306   0.200000E+01   0.995025E-02
   307   0.200000E+01   0.995025E-02
   308   0.200000E+01   0.995025E-02
   309   0.244949E+01   0.121865E-01
   310   0.200000E+01   0.995025E-02
   311   0.244949E+01   0.121865E-01
   312   0.244949E+01   0.121865E-01
   313   0.282843E+01   0.140718E-01
   314   0.222711E+02   0.117836E+00
   315   0.200000E+01   0.105820E-01
   316   0.200000E+01   0.105820E-01
   317   0.244949E+01   0.129603E-01
   318   0.200000E+01   0.105820E-01
   319   0.200000E+01   0.105820E-01
   320   0.148324E+02   0.810513E-01
   321   0.200000E+01   0.109290E-01
   322   0.200000E+01   0.109290E-01
   323   0.173205E+01   0.946476E-02
   324   0.173205E+01   0.946476E-02
   325   0.173205E+01   0.946476E-02
   326   0.100000E+01   0.546448E-02
   327   0.100000E+01   0.546448E-02
   328   0.100000E+01   0.546448E-02
   329   0.692820E+01   0.378590E-01
   330   0.200000E+01   0.109290E-01
   331   0.244949E+01   0.133852E-01
   332   0.244949E+01   0.133852E-01
   333   0.244949E+01   0.133852E-01
   334   0.235797E+02   0.137893E+00
   335   0.200000E+01   0.116959E-01
   336   0.200000E+01   0.116959E-01
   337   0.200000E+01   0.116959E-01
   338   0.114891E+02   0.687972E-01
   339   0.200000E+01   0.119760E-01
   340   0.200000E+01   0.119760E-01
   341   0.200000E+01   0.119760E-01
   342   0.200000E+01   0.119760E-01
   343   0.200000E+01   0.119760E-01
   344   0.200000E+01   0.119760E-01
   345   0.200000E+01   0.119760E-01
   346   0.200000E+01   0.119760E-01
   347   0.200000E+01   0.119760E-01
   348   0.200000E+01   0.119760E-01
   349   0.199499E+02   0.127884E+00
   350   0.200000E+01   0.128205E-01
   351   0.200000E+01   0.128205E-01
   352   0.200000E+01   0.128205E-01
   353   0.200000E+01   0.128205E-01
   354   0.200000E+01   0.128205E-01
   355   0.200000E+01   0.128205E-01
   356   0.200000E+01   0.128205E-01
   357   0.200000E+01   0.128205E-01
   358   0.200000E+01   0.128205E-01
   359   0.189737E+02   0.129957E+00
   360   0.424264E+01   0.292596E-01
   361   0.200000E+01   0.137931E-01
   362   0.200000E+01   0.137931E-01
   363   0.200000E+01   0.137931E-01
   364   0.114891E+02   0.814832E-01
   365   0.424264E+01   0.303046E-01
   366   0.200000E+01   0.142857E-01
   367   0.200000E+01   0.142857E-01
   368   0.200000E+01   0.142857E-01
   369   0.200000E+01   0.142857E-01
   370   0.200000E+01   0.142857E-01
   371   0.200000E+01   0.142857E-01
   372   0.200000E+01   0.142857E-01
   373   0.200000E+01   0.142857E-01
   374   0.179444E+02   0.136980E+00
   375   0.200000E+01   0.152672E-01
   376   0.200000E+01   0.152672E-01
   377   0.969536E+01   0.757450E-01
   378   0.424264E+01   0.334066E-01
   379   0.173205E+01   0.136382E-01
   380   0.173205E+01   0.136382E-01
   381   0.173205E+01   0.136382E-01
   382   0.100000E+01   0.787402E-02
   383   0.100000E+01   0.787402E-02
   384   0.173205E+01   0.136382E-01
   385   0.141421E+01   0.111355E-01
   386   0.469042E+01   0.369324E-01
   387   0.200000E+01   0.157480E-01
   388   0.200000E+01   0.157480E-01
   389   0.244949E+01   0.192873E-01
   390   0.244949E+01   0.192873E-01
   391   0.244949E+01   0.192873E-01
   392   0.208327E+02   0.179592E+00
   393   0.173205E+01   0.149315E-01
   394   0.173205E+01   0.149315E-01
   395   0.173205E+01   0.149315E-01
   396   0.173205E+01   0.149315E-01
   397   0.173205E+01   0.149315E-01
   398   0.173205E+01   0.149315E-01
   399   0.100000E+01   0.862069E-02
   400   0.100000E+01   0.862069E-02
   401   0.173205E+01   0.149315E-01
   402   0.479583E+01   0.413434E-01
   403   0.200000E+01   0.172414E-01
   404   0.200000E+01   0.172414E-01
   405   0.244949E+01   0.211163E-01
   406   0.244949E+01   0.211163E-01
   407   0.282843E+01   0.243830E-01
   408   0.203961E+02   0.192416E+00
   409   0.173205E+01   0.163401E-01
   410   0.173205E+01   0.163401E-01
   411   0.173205E+01   0.163401E-01
   412   0.100000E+01   0.943396E-02
   413   0.173205E+01   0.163401E-01
   414   0.100000E+01   0.943396E-02
   415   0.100000E+01   0.943396E-02
   416   0.264575E+01   0.249599E-01
   417   0.374166E+01   0.352987E-01
   418   0.200000E+01   0.188679E-01
   419   0.200000E+01   0.188679E-01
   420   0.282843E+01   0.266833E-01
   421   0.200000E+01   0.188679E-01
   422   0.187083E+02   0.192869E+00
   423   0.100000E+01   0.103093E-01
   424   0.141421E+01   0.145795E-01
   425   0.173205E+01   0.178562E-01
   426   0.300000E+01   0.309278E-01
   427   0.200000E+01   0.206186E-01
   428   0.200000E+01   0.206186E-01
   429   0.200000E+01   0.206186E-01
   430   0.200000E+01   0.206186E-01
   431   0.244949E+01   0.252525E-01
   432   0.244949E+01   0.252525E-01
   433   0.176635E+02   0.198467E+00
   434   0.100000E+01   0.112360E-01
   435   0.282843E+01   0.317801E-01
   436   0.200000E+01   0.224719E-01
   437   0.200000E+01   0.224719E-01
   438   0.200000E+01   0.224719E-01
   439   0.200000E+01   0.224719E-01
   440   0.130384E+02   0.155219E+00
   441   0.173205E+01   0.206197E-01
   442   0.173205E+01   0.206197E-01
   443   0.173205E+01   0.206197E-01
   444   0.100000E+01   0.119048E-01
   445   0.173205E+01   0.206197E-01
   446   0.100000E+01   0.119048E-01
   447   0.141421E+01   0.168359E-01
   448   0.435890E+01   0.518917E-01
   449   0.200000E+01   0.238095E-01
   450   0.282843E+01   0.336718E-01
   451   0.165529E+02   0.214973E+00
   452   0.223607E+01   0.290398E-01
   453   0.200000E+01   0.259740E-01
   454   0.748331E+01   0.997775E-01
   455   0.173205E+01   0.230940E-01
   456   0.173205E+01   0.230940E-01
   457   0.173205E+01   0.230940E-01
   458   0.173205E+01   0.230940E-01
   459   0.173205E+01   0.230940E-01
   460   0.173205E+01   0.230940E-01
   461   0.100000E+01   0.133333E-01
   462   0.173205E+01   0.230940E-01
   463   0.100000E+01   0.133333E-01
   464   0.173205E+01   0.230940E-01
   465   0.141421E+01   0.188562E-01
   466   0.244949E+01   0.326599E-01
   467   0.141421E+01   0.188562E-01
   468   0.509902E+01   0.679869E-01
   469   0.282843E+01   0.377124E-01
   470   0.184391E+02   0.275210E+00
   471   0.173205E+01   0.258515E-01
   472   0.100000E+01   0.149254E-01
   473   0.300000E+01   0.447761E-01
   474   0.200000E+01   0.298507E-01
   475   0.969536E+01   0.151490E+00
   476   0.173205E+01   0.270633E-01
   477   0.100000E+01   0.156250E-01
   478   0.173205E+01   0.270633E-01
   479   0.100000E+01   0.156250E-01
   480   0.173205E+01   0.270633E-01
   481   0.100000E+01   0.156250E-01
   482   0.141421E+01   0.220971E-01
   483   0.435890E+01   0.681078E-01
   484   0.200000E+01   0.312500E-01
   485   0.282843E+01   0.441942E-01
   486   0.165529E+02   0.290403E+00
   487   0.100000E+01   0.175439E-01
   488   0.173205E+01   0.303869E-01
   489   0.100000E+01   0.175439E-01
   490   0.173205E+01   0.303869E-01
   491   0.100000E+01   0.175439E-01
   492   0.141421E+01   0.248108E-01
   493   0.387298E+01   0.679471E-01
   494   0.200000E+01   0.350877E-01
   495   0.282843E+01   0.496215E-01
   496   0.153623E+02   0.301221E+00
   497   0.100000E+01   0.196078E-01
   498   0.173205E+01   0.339618E-01
   499   0.100000E+01   0.196078E-01
   500   0.173205E+01   0.339618E-01
   501   0.100000E+01   0.196078E-01
   502   0.412311E+01   0.808452E-01
   503   0.200000E+01   0.392157E-01
   504   0.130384E+02   0.283444E+00
   505   0.100000E+01   0.217391E-01
   506   0.173205E+01   0.376533E-01
   507   0.100000E+01   0.217391E-01
   508   0.173205E+01   0.376533E-01
   509   0.100000E+01   0.217391E-01
   510   0.173205E+01   0.376533E-01
   511   0.100000E+01   0.217391E-01
   512   0.458258E+01   0.996212E-01
   513   0.200000E+01   0.434783E-01
   514   0.144222E+02   0.360555E+00
   515   0.100000E+01   0.250000E-01
   516   0.173205E+01   0.433013E-01
   517   0.100000E+01   0.250000E-01
   518   0.173205E+01   0.433013E-01
   519   0.100000E+01   0.250000E-01
   520   0.360555E+01   0.901388E-01
   521   0.200000E+01   0.500000E-01
   522   0.114891E+02   0.319142E+00
   523   0.100000E+01   0.277778E-01
   524   0.173205E+01   0.481125E-01
   525   0.100000E+01   0.277778E-01
   526   0.173205E+01   0.481125E-01
   527   0.100000E+01   0.277778E-01
   528   0.173205E+01   0.481125E-01
   529   0.100000E+01   0.277778E-01
   530   0.412311E+01   0.114531E+00
   531   0.200000E+01   0.555556E-01
   532   0.130384E+02   0.420594E+00
   533   0.100000E+01   0.322581E-01
   534   0.173205E+01   0.558726E-01
   535   0.100000E+01   0.322581E-01
   536   0.173205E+01   0.558726E-01
   537   0.100000E+01   0.322581E-01
   538   0.360555E+01   0.116308E+00
   539   0.200000E+01   0.645161E-01
   540   0.114891E+02   0.425523E+00
   541   0.200000E+01   0.740741E-01
   542   0.424264E+01   0.163178E+00
   543   0.200000E+01   0.769231E-01
   544   0.424264E+01   0.169706E+00
   545   0.100000E+01   0.400000E-01
   546   0.173205E+01   0.692820E-01
   547   0.100000E+01   0.400000E-01
   548   0.300000E+01   0.120000E+00
   549   0.200000E+01   0.800000E-01
   550   0.969536E+01   0.440698E+00
   551   0.100000E+01   0.454545E-01
   552   0.173205E+01   0.787296E-01
   553   0.100000E+01   0.454545E-01
   554   0.300000E+01   0.136364E+00
   555   0.200000E+01   0.909091E-01
   556   0.969536E+01   0.510282E+00
   557   0.100000E+01   0.526316E-01
   558   0.223607E+01   0.117688E+00
   559   0.200000E+01   0.105263E+00
   560   0.748331E+01   0.440195E+00
   561   0.100000E+01   0.588235E-01
   562   0.173205E+01   0.101885E+00
   563   0.100000E+01   0.588235E-01
   564   0.173205E+01   0.101885E+00
   565   0.100000E+01   0.588235E-01
   566   0.360555E+01   0.212091E+00
   567   0.200000E+01   0.117647E+00
   568   0.114891E+02   0.883779E+00
   569   0.100000E+01   0.769231E-01
   570   0.173205E+01   0.133235E+00
   571   0.100000E+01   0.769231E-01
   572   0.300000E+01   0.230769E+00
   573   0.200000E+01   0.153846E+00
   574   0.969536E+01   0.969536E+00
   575   0.100000E+01   0.100000E+00
   576   0.223607E+01   0.223607E+00
   577   0.200000E+01   0.200000E+00
   578   0.748331E+01   0.935414E+00
   579   0.100000E+01   0.125000E+00
   580   0.223607E+01   0.279509E+00
   581   0.200000E+01   0.250000E+00
   582   0.748331E+01   0.124722E+01
   583   0.200000E+01   0.333333E+00
   584   0.424264E+01   0.848528E+00
   585   0.100000E+01   0.200000E+00
   586   0.223607E+01   0.447214E+00
   587   0.200000E+01   0.400000E+00
   588   0.748331E+01   0.249444E+01
   589   0.200000E+01   0.666667E+00
   590   0.424264E+01   0.212132E+01
   591   0.200000E+01   0.100000E+01
   592   0.424264E+01   0.424264E+01
   593   0.200000E+01   0.200000E+01
   594   0.424264E+01   0.424264E+01
   595   0.000000E+00   0.000000E+00
