00000000000000000000000000000000000000000000000000000000000000000000000000000000000000
00111000000000000000000000000000000000000000000000000000000000000000000000000000000100
01000000000000000000000000000000000000000000000000000000000000000000000000000000000000
01001100000000000000000000000000000000000000000000000000000000000001001000000000000100
01010100000000000000000000000000000000000000000000000000000000000000000000000000000000
00011000000000000000000000000000000000000000000000000000000000000000000000000000000000
00000000000000000000000000000000000000000000000000000000000000000000000000000000000000
00000000100000000000000000000000000000000000000000000000000000000000000000000000000000
00000001010000000000000000000000000000000000000000000000000000000000000000000000000000
00000000100000000000000000000000000000000000000000000000000000000000000000000000000000
00000000000000000000000000000000000000000000000000000000000000000000000000000000000000
00000000000000000000000000000000000000000000000000000000000000000000000000000000000000
00000000000000000000000000000000000000000000000000000000000000000000000000000000000000
00000000000000000000000000000000000000000000000000000000000000000000000000000000000000
00000000000000001010000000000000000000000000000000000000100000000000000010000000000000
00000000000000001000000000000000000000000000000000000000000000000000010000100000000100
00000000000000110000000000000000000000000000000000000000000000000000000000000000000000
00000000000000000000000000000000000000000000000000000000000000000000000000000000000000
00000000000000100001000000000000000000000000000000000000000000000000000000000000000000
00000000000000000010000000000000000000000000000000000000000000000000000000000000000000
00000000000000000000010000000000000000000000000000000000000000000000000000000000000000
00000000000000000000100000000000000000000000000000000000000000000000000000000000000000
00000000000000000000000110001000000000000000000000000000000000000000000000000000000000
00000000000000000000001011111000000000000000000000000000000000000000000000000000000000
00000000000000000000001101111000000000000000000000000000000000000000000000000000000000
00000000000000000000000110111000000000000000000000000000000000000000000000000000000000
00000000000000000000000111011000000000000000000000000000000000000000000000000000000000
00000000000000000000000111101000000000000000000000000000000000000000000000000000000000
00000000000000000000001111110000000000000000000000000000000000000000000000000000000000
00000000000000000000000000000000000000000000000010000000000000000000000000000000000000
00000000000000000000000000000001111111111100000010000000000000000000000000000000100000
00000000000000000000000000000010111111111100000000000000000000000000000000000000100000
00000000000000000000000000000011011110111100000000000000000000000000000000000000100000
00000000000000000000000000000011101111111100000000000000000000000000000000000000100000
00000000000000000000000000000011110111111100000000000000000000000000000000000000100000
00000000000000000000000000000011111010111100000000000000000000000000000000000000100000
00000000000000000000000000000011111100111100000000000000000000000000000000000000100000
00000000000000000000000000000011011000111100000000000000000000000000000000000000100000
00000000000000000000000000000011111111011100000000000000000000000000000000000000100000
00000000000000000000000000000011111111101100000000000000000000000000000000000000100000
00000000000000000000000000000011111111110100000000000000000000000000000000000000100000
00000000000000000000000000000011111111111000000000000000000000000000000000000000100000
00000000000000000000000000000000000000000001010011000000000000000000000000000000000000
00000000000000000000000000000000000000000010110000000000000000000000000000000000000000
00000000000000000000000000000000000000000001010000000000000000000000000000000000000000
00000000000000000000000000000000000000000011100001000000000000000000000000000000000000
00000000000000000000000000000000000000000000000000000000000000000000000000000000000000
00000000000000000000000000000000000000000000000010000000000000000000000000000000000000
00000000000000000000000000000110000000000010000101000000000000000000000000000000000000
00000000000000000000000000000000000000000010010010000000000000000000000000000000000000
00000000000000000000000000000000000000000000000000000000000000000000000000000000000000
00000000000000000000000000000000000000000000000000000000000000000000000000000000000000
00000000000000000000000000000000000000000000000000000000000000000000000000000000000000
00000000000000000000000000000000000000000000000000000000000000000000000000000000000000
00000000000000000000000000000000000000000000000000000000000000000000000000000000001000
00000000000000000000000000000000000000000000000000000000100010000000000001000000001100
00000000000000100000000000000000000000000000000000000001000010000000000001000000001100
00000000000000000000000000000000000000000000000000000000000111000000000000000000000000
00000000000000000000000000000000000000000000000000000000000100000000000000000000000000
00000000000000000000000000000000000000000000000000000000011011000000000000011100000100
00000000000000000000000000000000000000000000000000000001110101000000101001111100001100
00000000000000000000000000000000000000000000000000000000010110000000100000101100000000
00000000000000000000000000000000000000000000000000000000000000011000000000000000000000
00000000000000000000000000000000000000000000000000000000000000101000000000000000000000
00000000000000000000000000000000000000000000000000000000000000110000000000011000000000
00000000000000000000000000000000000000000000000000000000000000000000000000000000000000
00000000000000000000000000000000000000000000000000000000000000000001111001101100000100
00010000000000000000000000000000000000000000000000000000000000000010111001001000000100
00000000000000000000000000000000000000000000000000000000000011000011001001000000000100
00000000000000010000000000000000000000000000000000000000000000000011001001101000001100
00010000000000000000000000000000000000000000000000000000000010000011110001111100000100
00000000000000000000000000000000000000000000000000000000000000000000000000000000000100
00000000000000100000000000000000000000000000000000000000000000000000000000101100001100
00000000000000000000000000000000000000000000000000000001100010000011111000111100001100
00000000000000010000000000000000000000000000000000000000000011000010011011011100000100
00000000000000000000000000000000000000000000000000000000000110001000001001101100001100
00000000000000000000000000000000000000000000000000000000000111001011011011110100001100
00000000000000000000000000000000000000000000000000000000000111000010001011111000001100
00000000000000000000000000000000000000000000000000000000000000000000000000000001000000
00000000000000000000000000000000000000000000000000000000000000000000000000000010000000
00000000000000000000000000000011111111111100000000000000000000000000000000000000000000
00000000000000000000000000000000000000000000000000000000000000000000000000000000000000
00000000000000000000000000000000000000000000000000000011100010000000010011011100000100
01010000000000010000000000000000000000000000000000000001100110000011111111111100001000
00000000000000000000000000000000000000000000000000000000000000000000000000000000000000
00000000000000000000000000000000000000000000000000000000000000000000000000000000000000
